radius,lambda_0,lambda_1,lambda_2,lambda_3,lambda_4,lambda_5,lambda_6,lambda_7,lambda_8,lambda_9,lambda_10,lambda_11,lambda_12,lambda_13,lambda_14,lambda_15,lambda_16,lambda_17,lambda_18,lambda_19,lambda_20,lambda_21,lambda_22,lambda_23,lambda_24,lambda_25,lambda_26,lambda_27,lambda_28,lambda_29,lambda_30,lambda_31,lambda_32,lambda_33,lambda_34,lambda_35,lambda_36,lambda_37,lambda_38,lambda_39,lambda_40,lambda_41,lambda_42,lambda_43,lambda_44,lambda_45,lambda_46,lambda_47,lambda_48,lambda_49,lambda_50,lambda_51,lambda_52,lambda_53,lambda_54,lambda_55,lambda_56
8.000000000000000444e-01,5.252889412600902919e-02,1.125340428913125523e-01,1.099361732413633580e-01,1.074618023966407571e-01,9.410125328129881339e-02,1.002414384984446488e-01,1.006693696944085253e-01,9.378087191331661854e-02,7.904771390266995823e-02,7.965482236791859849e-02,7.693851425161318813e-02,6.072111067513877997e-02,4.452830395307727507e-02,2.523291480626789832e-02,1.379888219901523690e-06,7.905269964827947848e-08,1.517971154351570220e-08,5.032395194624287443e-09,2.239959500489278194e-09,1.185857678330168308e-09,7.047328380582751350e-10,4.319831714560962155e-10,2.932827591894948682e-10,2.038522198266612406e-10,1.570277761986371701e-10,1.284035239246250626e-10,1.076992818928659834e-10,9.181888721023455380e-11,8.020039385207844429e-11,7.073261670386549183e-11,6.284993136484464359e-11,5.587148370908914807e-11,5.012217715897541569e-11,4.552736194446150306e-11,4.180209749075696705e-11,3.860842631451329339e-11,3.583519311300162151e-11,3.341104877572359522e-11,3.135086092302479498e-11,2.972143586931229103e-11,2.807621561455586612e-11,2.678862030613222631e-11,2.558526106736624516e-11,2.442964390893601068e-11,2.337075022710525390e-11,2.241224507414443790e-11,2.155308846977718740e-11,2.079051346229668362e-11,1.948185991869355593e-11,1.989446107852899104e-11,1.864305064491755815e-11,1.782337819000723300e-11,1.702145716042657853e-11,1.923935316616720570e-11,1.645913266790088869e-11,1.840488178528332242e-11,8.701150910894739354e-12
8.100000000000000533e-01,5.258239363020450474e-02,1.115119649177428729e-01,1.086988225410996378e-01,1.063590162866335925e-01,9.827694061208050447e-02,9.514772834569146243e-02,9.942189033826084876e-02,9.200289539238544478e-02,8.717492322487035983e-02,7.223018611988236970e-02,7.678977637384061528e-02,6.046834568357949830e-02,5.025731474641517704e-02,2.353222814785365519e-02,2.857207422520608438e-06,1.122016101275926782e-07,1.888146498899528322e-08,5.713549001986847377e-09,2.433416131737611149e-09,1.277208205949925679e-09,7.439089136362930788e-10,4.762112371103910391e-10,3.341829590830514007e-10,2.459437965784960767e-10,1.923942810622136790e-10,1.584624584327620767e-10,1.342120069594554543e-10,1.161563488623340579e-10,1.019250265785198728e-10,9.158512088904696702e-11,8.282471242052405480e-11,7.533548155962133119e-11,6.889763995323976153e-11,6.310400416168333816e-11,5.817109966464728554e-11,5.398523858848869317e-11,5.040941085778308239e-11,4.731887719654735702e-11,4.462539026999466640e-11,4.225107108729825138e-11,4.012884371584063414e-11,3.815143543423570038e-11,3.636440806678922777e-11,3.474991290813161937e-11,3.329095311054020012e-11,3.197356919157345878e-11,3.079974036229726764e-11,2.932006547273768859e-11,2.734903969958679681e-11,2.883080037728580347e-11,2.588236916456487791e-11,2.442476776387536574e-11,2.797188869418931745e-11,2.428278758626056799e-11,2.542699384378011018e-11,2.818573152651993041e-11,1.426311846408623296e-11
8.199999999999999512e-01,5.263651931331608802e-02,1.108516963564142588e-01,1.079563850865172953e-01,1.053689974228853438e-01,1.011914054227859294e-01,9.193578965992733887e-02,9.743488920732347458e-02,9.469035936516050078e-02,8.681476652342180744e-02,7.485174837706250195e-02,6.978205964194382493e-02,6.610414652999310747e-02,4.718778472366805254e-02,2.587427409683297486e-02,6.838011523429820923e-06,2.231055409708953279e-07,4.360064806666373105e-08,1.516999322481797337e-08,7.025687956754844699e-09,3.739218906728680736e-09,2.210549757131197168e-09,1.404059479792607590e-09,8.960340733277227798e-10,6.389507378051773046e-10,4.798756849788005097e-10,3.805670075406573927e-10,3.094653692916997378e-10,2.567621038473879430e-10,2.188360031312136349e-10,1.876658536686601209e-10,1.678019589429382685e-10,1.506277436629085628e-10,1.357116586602901027e-10,1.227953979513298540e-10,1.116149375064395106e-10,1.019381078395297842e-10,9.355518753291036486e-11,8.625308521275475995e-11,7.988978664352722073e-11,7.430197778864034396e-11,6.937310233341394735e-11,6.501052144801833937e-11,6.112647339318500080e-11,5.766651137726133691e-11,5.461190093897227982e-11,5.201751064663837770e-11,5.077882713378119306e-11,4.890548642460688586e-11,4.585509765951331640e-11,4.731850192707040548e-11,4.451838377106387412e-11,4.384231953175055096e-11,4.216072434747031306e-11,4.108333985508583197e-11,4.049663555882876409e-11,3.997043668269029126e-11,1.550798378602280536e-11
8.299999999999999600e-01,5.269293694500321035e-02,1.099902806196402377e-01,1.070123283049256302e-01,1.041218221465429888e-01,1.030011466968639156e-01,9.201189627179917618e-02,9.421172901268724809e-02,9.368454188739633315e-02,8.557282930963938661e-02,7.980596592492139596e-02,6.693821717834087803e-02,6.182538181176919223e-02,5.384129773849789802e-02,2.599128970622956863e-02,4.360668539414997795e-06,1.222487469156987618e-07,1.643242516845357579e-08,4.287502391897460123e-09,1.736025104595063928e-09,9.280722184680512132e-10,5.884222917945658438e-10,4.141611290031654846e-10,3.075047855238821626e-10,2.431477727493636110e-10,2.018262137276627399e-10,1.723121393834570192e-10,1.508124857635406713e-10,1.339367132827118390e-10,1.202379170078642090e-10,1.089392281895459891e-10,9.936636719538416256e-11,9.155246698966000227e-11,8.483649937743699757e-11,7.897664091952580952e-11,7.382997889357671250e-11,6.928254061408289704e-11,6.525241414993880823e-11,6.165334569778599047e-11,5.842979697338678653e-11,5.552797827597963191e-11,5.290605148463157874e-11,5.053323466055678614e-11,4.838617622348294345e-11,4.645213986075448324e-11,4.477640111986980198e-11,4.311761679035713835e-11,4.159815000055397394e-11,4.027000369451194661e-11,3.792894991139217353e-11,3.905075460046425473e-11,3.689990066974013772e-11,3.622725557039796485e-11,3.505974070089346029e-11,3.494253844604777726e-11,3.493470443483026600e-11,3.502820949963236785e-11,9.525324973225224312e-12
8.399999999999999689e-01,5.275698372280346327e-02,1.093234485079880858e-01,1.062752889532388306e-01,1.035706754280770053e-01,1.022198777095496003e-01,9.542513675305069887e-02,9.013785667859874895e-02,9.189046863738732640e-02,8.850469725936907506e-02,7.821091572333024877e-02,7.155428517266468336e-02,5.677438913833979250e-02,5.286239650562792047e-02,2.890507746117524160e-02,4.715721462272671493e-06,1.528056071646213057e-07,2.588002814428608019e-08,8.639392176766691684e-09,3.927082530252642826e-09,2.125536932364568011e-09,1.293250790586000657e-09,8.253020954357773165e-10,5.662705165887516046e-10,3.995104663756521290e-10,3.108306598220700323e-10,2.520772705155716054e-10,2.122994028838642855e-10,1.820331927185857290e-10,1.595505750629812314e-10,1.413244294641124565e-10,1.261176974689365814e-10,1.132047296674743866e-10,1.033453877868952269e-10,9.513064674874805457e-11,8.798655615214128834e-11,8.170396239377394009e-11,7.615201845949718090e-11,7.123399902194454329e-11,6.687626356523029749e-11,6.299058425114845627e-11,5.954101936390553042e-11,5.652848439111047250e-11,5.407791795540941616e-11,5.171588938340798691e-11,4.969959070550149412e-11,4.781556729811157862e-11,4.605802029914243811e-11,4.443831554904603687e-11,4.162240766891062149e-11,4.296598125029527093e-11,4.151704847965564937e-11,3.946680612529340770e-11,3.989290495165498385e-11,4.049227619873363437e-11,4.126567143547532623e-11,3.690539887579724621e-11,1.107802738431473699e-11
8.499999999999999778e-01,5.279471020904957790e-02,1.086495669422107291e-01,1.051099053267686573e-01,1.042776883882914202e-01,1.007501457776720372e-01,9.870552117469921782e-02,8.732346156293530060e-02,9.085649948398906439e-02,8.789716926813032072e-02,7.787874843531598923e-02,7.182939820013929666e-02,6.073659381516990918e-02,4.777372381164135540e-02,3.158342334786320288e-02,7.768051219158320173e-06,2.087967586446955258e-07,3.636949363359373512e-08,1.255041693122316846e-08,5.771598408671908126e-09,3.110616544251269995e-09,1.828796530878307181e-09,1.160130640859291518e-09,7.913524557867646081e-10,5.365603170104371600e-10,4.025598500378979594e-10,3.142009760009889519e-10,2.588660692054434165e-10,2.184438311660097387e-10,1.906380590497788741e-10,1.680620619884040656e-10,1.493632396855782557e-10,1.334854853628268206e-10,1.194858844299432482e-10,1.081530873736082869e-10,9.888001694359168682e-11,9.120104005699391884e-11,8.456865397310671384e-11,7.876468185289450634e-11,7.370335517299739930e-11,6.935066842355449429e-11,6.586839773159262890e-11,6.237634359224954184e-11,5.962581273719676916e-11,5.706162719591669104e-11,5.458714415814552856e-11,5.230908951435117582e-11,5.023810913714482629e-11,4.835733462965619012e-11,4.604571064714679807e-11,4.668437901880762020e-11,4.392216619705444081e-11,4.352237494009703056e-11,4.327005767579272799e-11,4.317666016384613670e-11,4.276446557982538366e-11,4.063321207281589409e-11,1.167071994601087681e-11
8.599999999999999867e-01,5.286688626268920554e-02,1.080030425067868560e-01,1.044864343362983672e-01,1.035905444127432073e-01,1.002213311400776269e-01,9.806128407296385574e-02,9.116410217270252969e-02,8.623422279057396667e-02,8.616501483756613955e-02,8.083767633332053504e-02,7.044271503846222249e-02,6.184258179944185363e-02,4.912894817156818195e-02,3.077403101288997411e-02,3.318710429175813755e-05,2.911977038133753975e-07,4.376855039321424898e-08,1.437131400011619335e-08,6.578101100362541889e-09,3.561043404164826454e-09,2.155255118471699483e-09,1.413736620825556400e-09,9.715099280604988508e-10,7.123833259403689055e-10,5.332519781645062018e-10,4.319355446230632722e-10,3.620752116097886164e-10,3.101977388671119280e-10,2.700984815038991183e-10,2.426741256946265968e-10,2.193361225879663506e-10,1.993067238212440501e-10,1.820252571277890512e-10,1.666174133071237490e-10,1.530776043405935715e-10,1.416229832043006294e-10,1.318708717256474733e-10,1.234975035375920210e-10,1.162421696713437230e-10,1.098931408518395367e-10,1.042829933666530699e-10,9.926276976350871181e-11,9.455630129931317032e-11,9.023952958031426774e-11,8.632135259953148398e-11,8.275305099373145290e-11,7.952574758657640630e-11,7.663305537017328639e-11,7.197521287197021500e-11,7.418163999739491032e-11,6.968501990722852923e-11,6.751528676407492213e-11,6.548266789918599784e-11,7.241533067636751753e-11,6.521622478161681613e-11,6.345249672912167682e-11,2.309213931184217472e-11
8.699999999999999956e-01,5.294117321516617070e-02,1.074163231921698852e-01,1.039214217375645372e-01,1.029620443041227157e-01,9.982164167216114881e-02,9.715734234972875361e-02,9.406671994980005114e-02,8.433103261093907732e-02,8.446962704857891024e-02,7.917575950832890508e-02,7.355843614517906803e-02,6.066416325750480232e-02,5.036628762729656456e-02,3.085549221599656611e-02,9.922744390372689087e-05,3.160243576241931068e-07,4.381024620942864364e-08,1.452914309576424786e-08,6.846455240832791632e-09,3.904703139924643740e-09,2.517402626200232474e-09,1.767778675179632053e-09,1.298303013708146381e-09,1.022741280554129162e-09,8.045727972749716628e-10,6.660904241367893164e-10,5.734528928102999856e-10,5.079359042745035246e-10,4.549120872750569977e-10,4.091110445206269652e-10,3.733060465025035690e-10,3.427197122287967829e-10,3.163473749585388531e-10,2.934502380742593126e-10,2.734418915389469698e-10,2.558736378464496978e-10,2.403530532899835447e-10,2.265595060631242236e-10,2.142985401135235951e-10,2.032880492427676690e-10,1.933758554725892222e-10,1.844130696605317081e-10,1.762802836645024906e-10,1.688810662224104336e-10,1.621185708464492614e-10,1.559373819307041664e-10,1.503033908271944608e-10,1.441062356249966925e-10,1.351020059714436172e-10,1.406115605895319476e-10,1.296043342091657280e-10,1.242823170766182983e-10,1.191181875359603737e-10,1.288250166264770513e-10,1.176676317146685413e-10,1.288756948381042378e-10,5.637695865701175535e-11
8.800000000000000044e-01,5.302000710340154521e-02,1.068581889808265101e-01,1.033887142707876905e-01,1.023855569765108053e-01,9.939191103354325096e-02,9.673225749876424029e-02,9.344702696916187823e-02,8.827247488528258690e-02,8.016262033755419680e-02,7.864845612842531752e-02,7.181334972072854483e-02,6.415923658942916663e-02,4.977460644982435040e-02,3.160126525810885018e-02,1.301435127216521805e-04,3.832627015576039691e-07,4.945165265495739366e-08,1.642686024355584091e-08,7.961132793960195436e-09,4.671446332299607207e-09,3.078085778829894176e-09,2.162061080515642608e-09,1.613683856677150530e-09,1.267742050226061679e-09,1.030524644785035804e-09,8.492859462569390949e-10,7.283914096878341127e-10,6.435920060776645357e-10,5.759243073763520293e-10,5.201666408802957386e-10,4.719909023082752286e-10,4.341595857782973300e-10,4.014716019481653908e-10,3.728753239604521569e-10,3.477123220970747275e-10,3.254876880783648570e-10,3.057850825576979154e-10,2.882497909727720596e-10,2.725825542658402018e-10,2.585172628131451530e-10,2.458449495953800301e-10,2.343787128896053507e-10,2.239784854438618689e-10,2.145189609715353329e-10,2.059272240576004442e-10,1.982149030414076529e-10,1.893235490255107401e-10,1.848618888040031924e-10,1.688577871278296172e-10,1.768486997469342903e-10,1.610650640637700803e-10,1.534150584348026314e-10,1.686191325456221080e-10,1.491054571478578339e-10,1.591758148900002112e-10,1.725920240058798072e-10,7.993983253129499644e-11
8.900000000000000133e-01,5.307875886519480835e-02,1.062890549830908388e-01,1.027816957469282338e-01,1.013830611196115256e-01,1.001704995967972467e-01,9.591969849953299598e-02,9.276063490340105688e-02,8.901886967404866458e-02,8.230745049054719042e-02,7.519428587990827084e-02,7.136702986362460088e-02,6.259049534572982965e-02,5.333440453630573092e-02,3.154191225505458690e-02,9.549707959303844259e-05,3.752687952609052269e-07,4.682481936746200630e-08,1.513620711640585245e-08,7.165499987522687408e-09,4.124259646038491711e-09,2.672335408515635891e-09,1.867440480030069239e-09,1.399780902300307162e-09,1.065200330718774069e-09,8.613722408956636656e-10,7.181049539728423525e-10,6.148597078529938198e-10,5.415307121996171258e-10,4.837169606921112863e-10,4.361525231418288823e-10,3.962110448012105303e-10,3.618032668912542736e-10,3.341077401246565944e-10,3.103775756915262696e-10,2.895441918046798638e-10,2.711083988055952576e-10,2.547251920907733259e-10,2.401025473751437593e-10,2.270191761255546409e-10,2.152622507260964872e-10,2.046676129017154476e-10,1.950915094823721906e-10,1.864677194186978477e-10,1.788056919053201271e-10,1.717332305008201221e-10,1.654525549768873227e-10,1.596393957679226056e-10,1.541282518822441328e-10,1.442817876892016349e-10,1.490179804639751859e-10,1.398970364465540461e-10,1.378219144712589106e-10,1.326645330049225358e-10,1.297326972411749768e-10,1.279832975709105369e-10,1.265180876730553905e-10,4.357214589134628113e-11
9.000000000000000222e-01,5.315700821268298792e-02,1.057631496532964038e-01,1.022904072953897958e-01,1.008977007147110749e-01,9.961413077797616478e-02,9.555609982994718588e-02,9.237932340156707056e-02,8.836938321492784909e-02,8.406014343535990474e-02,7.575177740419568317e-02,6.860966721290429060e-02,6.217202956247778328e-02,5.129047492693630805e-02,3.627523231195209363e-02,5.889244156147322877e-05,4.394561592423607784e-07,5.809071391375119638e-08,1.895828858314876865e-08,8.767787717129391437e-09,4.861356790860846266e-09,2.970603265976812235e-09,1.979301963647706053e-09,1.405325557313208407e-09,1.012586799131742765e-09,7.699094174695719772e-10,6.284407369494537932e-10,5.290952068831566990e-10,4.590882682689589878e-10,4.012432879441779621e-10,3.570288025726148229e-10,3.206560975944905412e-10,2.902944207851818406e-10,2.646908634114375491e-10,2.425756312127418796e-10,2.245763361177223992e-10,2.091325520419719253e-10,1.955499600172583372e-10,1.834861647860628990e-10,1.727364700488699927e-10,1.631304793870791241e-10,1.545599599030839620e-10,1.469936781073755833e-10,1.406215258203480454e-10,1.345629345797516585e-10,1.292619965261704827e-10,1.243255374037022676e-10,1.197541147192685007e-10,1.155342203471802082e-10,1.080911293631359182e-10,1.116589648433169435e-10,1.080594381336341669e-10,1.029016958448147889e-10,9.997044511655950316e-11,9.967816849698607484e-11,9.971213785209265268e-11,1.000610566626036757e-10,2.605671234334749897e-11
9.100000000000000311e-01,5.323433874938948707e-02,1.052579802439897877e-01,1.018081399965966027e-01,1.003943001993074652e-01,9.873686998419639593e-02,9.622037421515687583e-02,9.168762744300897050e-02,8.798429835893226136e-02,8.358589776070993183e-02,7.742683189993600223e-02,6.947038790663578878e-02,5.963197735013352208e-02,5.124684930798253241e-02,3.710288574959164781e-02,1.701429955556126646e-04,5.187980004067874252e-07,6.187324616973172427e-08,2.035181164682024448e-08,9.675610122521120327e-09,5.505665253427915670e-09,3.535899538767948991e-09,2.472844518345770903e-09,1.811361992690163625e-09,1.401123645057567035e-09,1.117968315145212443e-09,9.388160734924433370e-10,8.035363728564615116e-10,6.995563989198316790e-10,6.211460035557281323e-10,5.603101845344515830e-10,5.095823060394244486e-10,4.666188290793071847e-10,4.297902110432256367e-10,3.974378791227347295e-10,3.691950423764106537e-10,3.451115141816889220e-10,3.238135596250399373e-10,3.051935535346682327e-10,2.887433123545737890e-10,2.742414167392244473e-10,2.606024802421016973e-10,2.488975788710393044e-10,2.382449399980328397e-10,2.285422887450625634e-10,2.193469842066454734e-10,2.108225663271720562e-10,2.029453699276678735e-10,1.956563218732942921e-10,1.931750731598569359e-10,1.889190436032972542e-10,1.818961318372780411e-10,1.743998201061969233e-10,1.762181824072062142e-10,1.788444670136613013e-10,1.822583611810202342e-10,1.612465959366371493e-10,4.852784840636559238e-11
9.200000000000000400e-01,5.331726175931372769e-02,1.047784683838069164e-01,1.013602806119456579e-01,9.995145937785158974e-02,9.826094458169523649e-02,9.535616449457987032e-02,9.244140627018289369e-02,8.731274992238081956e-02,8.331331267132503771e-02,7.703182119063092803e-02,7.043824199926100593e-02,6.174174132065983478e-02,4.835004906440625722e-02,3.785955786857515826e-02,1.211386570669093637e-04,7.188807249968965493e-09,2.204976186896765505e-09,1.227510331316446421e-09,8.135310599819128158e-10,5.906597576495198343e-10,4.557178220941995872e-10,3.667906655485664302e-10,3.050943647026072014e-10,2.603958784708204632e-10,2.252866712626477863e-10,1.981386027471998545e-10,1.756367655481039236e-10,1.567178956052295291e-10,1.411355082282794715e-10,1.287325504441966251e-10,1.182685110869691192e-10,1.093107484953850794e-10,1.015755814962743253e-10,9.482901576073239636e-11,8.889151261316612096e-11,8.361254060317268580e-11,7.891049052795133523e-11,7.470594433865718198e-11,7.092834446945778248e-11,6.752387009451889244e-11,6.443366645087194450e-11,6.163157034418456637e-11,5.904231786910563856e-11,5.666162265945129395e-11,5.446643646083576540e-11,5.243718805524044679e-11,5.055871173109682815e-11,4.881330062378452794e-11,4.656701673572127831e-11,4.718745403101132219e-11,4.458961124593693870e-11,4.432583987357130439e-11,4.423976115996985925e-11,4.431247035974195114e-11,4.236308873140082198e-11,4.142926279815384305e-11,1.092359536158937772e-11
9.300000000000000488e-01,5.339823162986911953e-02,1.043118765682767013e-01,1.009282839873242160e-01,9.952272768432732231e-02,9.782780672309372705e-02,9.489074169042607809e-02,9.152770143860557150e-02,8.824950473283511843e-02,8.266768494685018676e-02,7.671729282831332708e-02,7.019122947428238501e-02,6.143790789360304566e-02,5.091778943495204462e-02,3.590763070699816428e-02,1.386804635992988470e-03,7.071852840499545097e-09,1.551011036618582936e-09,7.958167315782506412e-10,5.104527197252132359e-10,3.654544348348151561e-10,2.796589433011302528e-10,2.230399632346946603e-10,1.851784871276240807e-10,1.592936199612537962e-10,1.369463084599509273e-10,1.184832197631546791e-10,1.045824555429009095e-10,9.367420034100959469e-11,8.469938834500256863e-11,7.724422555581422767e-11,7.089004887663244436e-11,6.546990369542954324e-11,6.079646826256815753e-11,5.671592998374099144e-11,5.313460241051061808e-11,4.996997507287996424e-11,4.715403486784969928e-11,4.463039039018560326e-11,4.236621541291814199e-11,4.031773072137815467e-11,3.846182487294552547e-11,3.677132696369624781e-11,3.523089674541731581e-11,3.381988894664289536e-11,3.252160063330674505e-11,3.132827947527252327e-11,3.022503422675168472e-11,2.937400019401015250e-11,2.737979141369598080e-11,2.833741292833369396e-11,2.665470144949666498e-11,2.599553298315848693e-11,2.539191339828716920e-11,2.484780783906792578e-11,2.516307995303890266e-11,2.389316695883270114e-11,7.521983036440360593e-12
9.399999999999999467e-01,5.348504892779332165e-02,1.038663110423992814e-01,1.005172214642237466e-01,9.912091507335941964e-02,9.743110330337634295e-02,9.449172729420188266e-02,9.111830363998218996e-02,8.739216140496869345e-02,8.359407116845871122e-02,7.615336698716462793e-02,7.003301142595429185e-02,6.140170534241714412e-02,5.097969961577071552e-02,3.728005172370175285e-02,1.024680535456337941e-03,8.025237148249063175e-09,2.476551177212569230e-09,1.370164397993125322e-09,9.044585138891052256e-10,6.567910604217321729e-10,5.069434466393324401e-10,4.056276564634586634e-10,3.363681945825480746e-10,2.905173671075012010e-10,2.538980137245516744e-10,2.190118433831322875e-10,1.911560224346353642e-10,1.712404107401255260e-10,1.551551027413611283e-10,1.417332057924644562e-10,1.301967330604933415e-10,1.203316436835903669e-10,1.116998048418006706e-10,1.041825493334081615e-10,9.758716038488386701e-11,9.175418766243191582e-11,8.657242591802571247e-11,8.193541125526421220e-11,7.777087448427449923e-11,7.401276365056903145e-11,7.060480639812377612e-11,6.751367515175563105e-11,6.468818232810424895e-11,6.210379422093986745e-11,5.973846189857162647e-11,5.755945557423675085e-11,5.516554183945809875e-11,5.345197093102604935e-11,5.002821160809967083e-11,5.186448349243054368e-11,4.828223237884898822e-11,4.661636528180412853e-11,4.502790501570430592e-11,4.795359248577213407e-11,4.301306012755024000e-11,4.575812645457588701e-11,1.710431796198008669e-11
9.499999999999999556e-01,5.357475405466882723e-02,1.034446644919208708e-01,1.001295321976625186e-01,9.874307616827283918e-02,9.706272416439815087e-02,9.412710291640616345e-02,9.076895771022791548e-02,8.700260997574001121e-02,8.276095425088142443e-02,7.719183687228876878e-02,6.952991701370886402e-02,6.142803912969362762e-02,5.071193788072164005e-02,3.918450026651419671e-02,1.574056517036332261e-04,8.758402688927107928e-09,2.598211408673232635e-09,1.430008580559038425e-09,9.416341412930417237e-10,6.827001001872461464e-10,5.250117461001041486e-10,4.203035640880370405e-10,3.473153951938368067e-10,2.980854521550391212e-10,2.622299044574560867e-10,2.280256261588675670e-10,1.981911379803080742e-10,1.753015926864165408e-10,1.590119685229707258e-10,1.454788026156172975e-10,1.340570944183272495e-10,1.237948717060927128e-10,1.151720186234883592e-10,1.073860132760895425e-10,1.005486006955269573e-10,9.451864638188034462e-11,8.915845102139274836e-11,8.436839454058903121e-11,8.007149511577577039e-11,7.619571325886281832e-11,7.268882360172285173e-11,6.950261199900609199e-11,6.660251126652805276e-11,6.395132860770313954e-11,6.152267410797218616e-11,5.841078055263126956e-11,5.672438040116301039e-11,5.509006735494002827e-11,5.051381535281507240e-11,5.276586285962725498e-11,4.831918545833424616e-11,4.617999038725173477e-11,5.081528253736422585e-11,4.547259097043010456e-11,4.606351411418074804e-11,4.954807397705707217e-11,2.077588101556671063e-11
9.599999999999999645e-01,5.366025767397614166e-02,1.030288939269936171e-01,9.974653780320050234e-02,9.836781698071854485e-02,9.669546366240408530e-02,9.376136070815374590e-02,9.042293189055730651e-02,8.663701385935368426e-02,8.234900412956093485e-02,7.640201781638858436e-02,6.997767212999840558e-02,6.139154793181333947e-02,5.154352893816185888e-02,3.954064513528437325e-02,6.219516499763285463e-04,1.225523728924270549e-08,3.699456048444565797e-09,2.035662012688683206e-09,1.339215954647578590e-09,9.691979571061892090e-10,7.434266334049172142e-10,5.957013020883861198e-10,4.912479294877369895e-10,4.181854307283572325e-10,3.674633791694859042e-10,3.241173440748923440e-10,2.822046415995593804e-10,2.475711649574385831e-10,2.230560874894038648e-10,2.040939604819325126e-10,1.881289152239062901e-10,1.745061228766026096e-10,1.620436773045602630e-10,1.514460631554803705e-10,1.418058170887803726e-10,1.332952290211686375e-10,1.257272697410827256e-10,1.189678253913500905e-10,1.128949824250047307e-10,1.074169455640705539e-10,1.024473492150512755e-10,9.793186791021146753e-11,9.380870581200684288e-11,9.003431333809430726e-11,8.545212367566668021e-11,8.290377911078505857e-11,8.012968912528284360e-11,7.653307067950754217e-11,6.961631618396246779e-11,7.303825426407950516e-11,6.625996973319558947e-11,7.305859389683533323e-11,6.615851963487351384e-11,6.380433074243407887e-11,6.784089262579229285e-11,7.234811361112036820e-11,3.156169769980010642e-11
9.699999999999999734e-01,5.375347246822093084e-02,1.026433625866108729e-01,9.939295029098874079e-02,9.802466445052943067e-02,9.636374116522614108e-02,9.343776271247204723e-02,9.012676214486306514e-02,8.634707592830354050e-02,8.207090138421574421e-02,7.619739091857571922e-02,6.977654417342574189e-02,6.127278671388657755e-02,5.144005649884182685e-02,3.972885563490918814e-02,1.596068178830413768e-03,1.079396966310826995e-08,1.749808456597098016e-09,8.451843565801823912e-10,5.307090306360664686e-10,3.733274352634916027e-10,2.823643311354595564e-10,2.241176497858043959e-10,1.860526455121913614e-10,1.584467140824941112e-10,1.350091358154337229e-10,1.174365639455832167e-10,1.034393473653416606e-10,9.224046092909388150e-11,8.322474285248071535e-11,7.568991375501987751e-11,6.941385292079382818e-11,6.406091493859830677e-11,5.943780496541102576e-11,5.541040145300027767e-11,5.185510582126490187e-11,4.873212591923956061e-11,4.594164876000131348e-11,4.345058851834646824e-11,4.121720500983253738e-11,3.920394335500589772e-11,3.738019460207842731e-11,3.570231089933262325e-11,3.419144275432911551e-11,3.281044630865787015e-11,3.154022697990409643e-11,3.036467708132303822e-11,2.926972488166701414e-11,2.825487023169759304e-11,2.643264686991164680e-11,2.731250664002315975e-11,2.562028757549517088e-11,2.515082239695765054e-11,2.425895714776998835e-11,2.395473663180380797e-11,2.371980042936705502e-11,2.354806280524535111e-11,6.759037773917953018e-12
9.799999999999999822e-01,5.384476044876762568e-02,1.022687705605771907e-01,9.904885378669148199e-02,9.768991529789393391e-02,9.603891920126621240e-02,9.312022325529309419e-02,8.983090365575133185e-02,8.605292878773194987e-02,8.178648318402149953e-02,7.597716191791117901e-02,6.954498553431311125e-02,6.109338973657173211e-02,5.126673970152932636e-02,3.917981225656173849e-02,3.673642116810873874e-03,1.061659771165643230e-06,8.809214376292366900e-08,2.535938616566784517e-08,1.120408194129148991e-08,6.141163152062912439e-09,3.845272389564613480e-09,2.613784616696535057e-09,1.896790148558924471e-09,1.446003879135293602e-09,1.131251210761963222e-09,9.103433423751638998e-10,7.714146925408282840e-10,6.653184548427448775e-10,5.836007605994342207e-10,5.194348771638337969e-10,4.724936983010498415e-10,4.323908619390318120e-10,3.978195994467585012e-10,3.678329019141373529e-10,3.416511472027013076e-10,3.184466086008155838e-10,2.979427827501032744e-10,2.799885380510604149e-10,2.641784351226170863e-10,2.501639595006862303e-10,2.376576589401013274e-10,2.264232182061070566e-10,2.162732124126403276e-10,2.069655197582383286e-10,1.984373348013759517e-10,1.906279807671693721e-10,1.834804655756992753e-10,1.769218031626162979e-10,1.654093456171859544e-10,1.709063289110843153e-10,1.632302210063940606e-10,1.557081088414749570e-10,1.544054450269838341e-10,1.536138785618312852e-10,1.533364199501896508e-10,1.535198426716455344e-10,3.637734558026295417e-11
9.899999999999999911e-01,5.393599035273871634e-02,1.019073117538197015e-01,9.871713009076407697e-02,9.736607710780126324e-02,9.572459885772825749e-02,9.281092806341771639e-02,8.954473995860171009e-02,8.576601092353726419e-02,8.150729945293375134e-02,7.575222357181546351e-02,6.931383214136260795e-02,6.090304420792457679e-02,5.108319242607220478e-02,3.850284379812889124e-02,5.841419593462072492e-03,8.687080759653257635e-07,8.030286553589209764e-08,2.195158439803272975e-08,9.148632046001366636e-09,4.678937969845387360e-09,2.723003724507621313e-09,1.694848342616642189e-09,1.135186834724105642e-09,7.841788954299211412e-10,5.707462315263089891e-10,4.169175282786596881e-10,3.294683276200416344e-10,2.676142710211770748e-10,2.249783762064971882e-10,1.926435947544632814e-10,1.684118311386789690e-10,1.523407212010441381e-10,1.384838098144811069e-10,1.264352149452779850e-10,1.159450191564291577e-10,1.067985531824980350e-10,9.881676441774822715e-11,9.183575457711277978e-11,8.570329398959776468e-11,8.030167871798943313e-11,7.551855863742462649e-11,7.126139787514015021e-11,6.745976655975552405e-11,6.404848656646477956e-11,6.097220276411741136e-11,5.818449064567965401e-11,5.566492666114752907e-11,5.338427985258908937e-11,5.150842946610723061e-11,5.135514973345078893e-11,4.851052209670775328e-11,4.817627199948937289e-11,4.845333856362543656e-11,4.894957356116336200e-11,4.966181632592991946e-11,4.423659702434967755e-11,1.248667835795913561e-11
1.000000000000000000e+00,5.401981102316527616e-02,1.015485181465253378e-01,9.836561600880044942e-02,9.686180035083756523e-02,9.589107469859378674e-02,9.234555072490358008e-02,8.923913043054224059e-02,8.547440343019808984e-02,8.122382424396107359e-02,7.551705198493452453e-02,6.907403452495931850e-02,6.069063667532411527e-02,5.087480855573006666e-02,3.761197127403360929e-02,8.264233656426304975e-03,8.034560730293864498e-07,7.193720329547379789e-08,1.953483783297859299e-08,8.022162650425055394e-09,4.022145512903494390e-09,2.264776703469421199e-09,1.385354243864725388e-09,9.110296822489871715e-10,6.080692234455842282e-10,4.362513579547755427e-10,3.058058632710025648e-10,2.233493112679951764e-10,1.789723785838859271e-10,1.471195977542638644e-10,1.237352408034464446e-10,1.061950085159968360e-10,9.209614668104215696e-11,8.361088947930750415e-11,7.621280082720227611e-11,6.960692525842526734e-11,6.372620302546455617e-11,5.851597093160798568e-11,5.392818751780679987e-11,4.988853817902705323e-11,4.632892283511474280e-11,4.318502478360686236e-11,4.040364115324990291e-11,3.792287404241756477e-11,3.570955814033438536e-11,3.372243413332642881e-11,3.194054309235694333e-11,3.037148744305939729e-11,2.905318347012908475e-11,2.742283643545305460e-11,2.888630307174011591e-11,2.685477621527931902e-11,2.664496748239209012e-11,2.654116856848354189e-11,2.655568126508356386e-11,2.533864090770165944e-11,2.470782259345050136e-11,6.040112854321932900e-12
1.010000000000000009e+00,5.406085471573301993e-02,1.002164018660101213e-01,9.846809830212595316e-02,9.666965212929735929e-02,9.525333740818259232e-02,9.215034082371824364e-02,8.905744023367229145e-02,8.534924437600475977e-02,8.113820276340839854e-02,7.541948130660101890e-02,6.923453824345500440e-02,6.100031663796436771e-02,5.138914564602736074e-02,3.886134717619947609e-02,7.316141715550322951e-03,9.039505513536830854e-07,8.211058768175691122e-08,2.241071234478549123e-08,9.329869518832131087e-09,4.756466587960074717e-09,2.691479763020088178e-09,1.670335029145542105e-09,1.096355277396821037e-09,7.531095053137093487e-10,5.328130228687832926e-10,3.920525293299448322e-10,2.847406962991350099e-10,2.235811639994533806e-10,1.843303825549424957e-10,1.586237469500262343e-10,1.384997403222620882e-10,1.222397608482972409e-10,1.078823130547072739e-10,9.851552199339162763e-11,9.050321395900808724e-11,8.335408043316522991e-11,7.695666180045426796e-11,7.124732307763319977e-11,6.617148473451626642e-11,6.166588859555025004e-11,5.766428075326419239e-11,5.409612983801360964e-11,5.090970529799017374e-11,4.805784234646927333e-11,4.551347973090653920e-11,4.328591909279026761e-11,4.149873007079987741e-11,4.033757529386949869e-11,3.757925416160434740e-11,3.877242992812723887e-11,3.659448351983618508e-11,3.571476968333708868e-11,3.495936873321170424e-11,3.433112821804584769e-11,3.423793540346942166e-11,3.265358122783723616e-11,9.048484184148719578e-12
1.020000000000000018e+00,5.415564234741010452e-02,9.903946297320936898e-02,9.866628450102499226e-02,9.635123597544045793e-02,9.501165485686502432e-02,9.190343719114230092e-02,8.883776900561361767e-02,8.513823819859928088e-02,8.098692460584713815e-02,7.528551137391692460e-02,6.918243418281741497e-02,6.103287253175292137e-02,5.127101423703908645e-02,4.053708940321659737e-02,6.210186165060167275e-03,1.079864876374821703e-06,8.933473098685344235e-08,2.384615161542439314e-08,9.939844412584466138e-09,5.067963125982705153e-09,2.923833214820217852e-09,1.850747756464892271e-09,1.228528343291679370e-09,8.642345545803453710e-10,6.227429058536237960e-10,4.789725560616631128e-10,3.593113723221463829e-10,2.784746964273887571e-10,2.329359817011822376e-10,2.042197617610486127e-10,1.813209144461980227e-10,1.622562866942893478e-10,1.458247878461001179e-10,1.314757715133348104e-10,1.206372276379985564e-10,1.116357077309351742e-10,1.037209860642492043e-10,9.666249186713118946e-11,9.036130550136699940e-11,8.472639050852853737e-11,7.969263779699503614e-11,7.518348965585789495e-11,7.117371819134136329e-11,6.763605284567167364e-11,6.466619712039607670e-11,6.187970990646773917e-11,5.957756851878923121e-11,5.745273979395411519e-11,5.344902981579274792e-11,5.538684528377801897e-11,5.167400708716574087e-11,5.004055416563124581e-11,4.855580824567051756e-11,5.070478759083840714e-11,4.623724694135036839e-11,4.812515663754624029e-11,1.562633356044784705e-11
1.030000000000000027e+00,5.425060644156393108e-02,9.788879386733582988e-02,9.886641189212763692e-02,9.604063798601639168e-02,9.478034493642624458e-02,9.166146772346331351e-02,8.862496289667087801e-02,8.492784828729860180e-02,8.083913452120795873e-02,7.514775261241977977e-02,6.910108144350514403e-02,6.116322469341106682e-02,5.077372049026145084e-02,4.258659712619405208e-02,4.994397707659907482e-03,1.331957903679490664e-06,9.215930074960737772e-08,2.368451419543382139e-08,9.930469273718687834e-09,5.114627771898557287e-09,3.044289140165159363e-09,2.000567131442768098e-09,1.371578680492424596e-09,1.005644751500556211e-09,7.505130267260184951e-10,5.921515361384521725e-10,4.802940614667683406e-10,3.923370968383910196e-10,3.312646788822259936e-10,2.918007502294983624e-10,2.625734126654455380e-10,2.383175011499982787e-10,2.177273179457261953e-10,1.997351912227766924e-10,1.833791066045697971e-10,1.699817710632683943e-10,1.585304840959894657e-10,1.486082613303546518e-10,1.397964003672230726e-10,1.319158148601479175e-10,1.248418584221672178e-10,1.184947975244737828e-10,1.128583758565337991e-10,1.079991909704730579e-10,1.028039597894547796e-10,9.916873832532813182e-11,9.581121345521997901e-11,9.184235403442153611e-11,8.448218166701160214e-11,8.806881873074656752e-11,8.108496166170375830e-11,7.785526737191794666e-11,8.397944145643876368e-11,7.620625983549567106e-11,7.617170783014159952e-11,8.064655193651404375e-11,2.979710922446088261e-11
1.040000000000000036e+00,5.240688705820258780e-02,1.004812654086192497e-01,9.706354414050930024e-02,9.588705022605314987e-02,9.454023265399109921e-02,9.140569691333698399e-02,8.838481965595423873e-02,8.467303611131944685e-02,8.063792026417412884e-02,7.491779926078154239e-02,6.893062998032399580e-02,6.089146587226416940e-02,5.093554644595133657e-02,3.989219669427282455e-02,9.585535265899102278e-03,7.959681538500726011e-07,8.024036941989635839e-08,2.207694337033773163e-08,9.103850339585499397e-09,4.583578348197735880e-09,2.621917771002818531e-09,1.616457300694998378e-09,1.057543307265984556e-09,7.167087808651606551e-10,5.011253773057333660e-10,3.562406064583356624e-10,2.746415456167383695e-10,2.123975509360498393e-10,1.692342624544374008e-10,1.405631583351052427e-10,1.239885034920451545e-10,1.104509053662106055e-10,9.901793187466756407e-11,8.926755125024388171e-11,8.084380300615867654e-11,7.292204904155163980e-11,6.607326751700837164e-11,6.072081856420274981e-11,5.610005862632938545e-11,5.233277526606183727e-11,4.926245305778009786e-11,4.604397505630908327e-11,4.378037342378515717e-11,4.176553027035456722e-11,3.998028839415079805e-11,3.817317382331930631e-11,3.628484882348126384e-11,3.450913860225668373e-11,3.129670481105684132e-11,3.284862312713521248e-11,2.985668656751983008e-11,3.263764952743386516e-11,2.971548051025618697e-11,2.839851964697714948e-11,2.995480252732107829e-11,3.168938722541980724e-11,1.246824865575035801e-11
1.050000000000000044e+00,5.206946686910893241e-02,1.002334135262101522e-01,9.681336805606249873e-02,9.564234358905547573e-02,9.433650141727965843e-02,9.119085560565139137e-02,8.820890707914655349e-02,8.446436764803899599e-02,8.064690123881636252e-02,7.447257629076628471e-02,7.026143433326474674e-02,5.935795412856888220e-02,5.121328525537410803e-02,3.838660181318821751e-02,1.138916802995886685e-02,8.167956570441122884e-07,7.873519060117096464e-08,2.105867873704987491e-08,8.571272214887373526e-09,4.318363225439426217e-09,2.475543918375447058e-09,1.514319918375847673e-09,9.933524505343835354e-10,6.698743833938314296e-10,4.729527628907770342e-10,3.308023854842190303e-10,2.495525730505931961e-10,1.940112237530655648e-10,1.548667409589921107e-10,1.265308153391986323e-10,1.081095282740029973e-10,9.682676882505347749e-11,8.710611745788021665e-11,7.868848801717565067e-11,7.139935344346870494e-11,6.507831713841241705e-11,5.956698112194458439e-11,5.439636517915943936e-11,5.005830103731179204e-11,4.642385347669586437e-11,4.335506931761601290e-11,4.075024540896310388e-11,3.851380152297689818e-11,3.642298539597438323e-11,3.439535743894606146e-11,3.253706592348803994e-11,3.082795390491055443e-11,2.925034346679122876e-11,2.643604432583934738e-11,2.779249053119769997e-11,2.519747258067361884e-11,2.634300937109923524e-11,2.447635323588048806e-11,2.548973185301228739e-11,2.665048737249264832e-11,2.795252918019741628e-11,1.144764838478806723e-11
1.060000000000000053e+00,5.175120689532406587e-02,1.000059567695916335e-01,9.658466313292289607e-02,9.541783518146818022e-02,9.415466808704767154e-02,9.100542815123542628e-02,8.801502400332900100e-02,8.445546385538499345e-02,8.005316205451079581e-02,7.619704736804069900e-02,6.737792939852770002e-02,6.075380868983493859e-02,5.098113136142129465e-02,3.951085554454038945e-02,1.023380980950089510e-02,1.240748357689201498e-06,9.631978861857368588e-08,2.314427119919844784e-08,9.201136540202615229e-09,4.578355744557492148e-09,2.584263770533980209e-09,1.586457280215031185e-09,1.048284378572794662e-09,7.104641042143811092e-10,5.155300700221410182e-10,3.640309859109791546e-10,2.677221361269133126e-10,2.140859295396424500e-10,1.735867716928796156e-10,1.444835258379573162e-10,1.240355504937562525e-10,1.082770886839945490e-10,9.829454719785524208e-11,8.953865459401105786e-11,8.179836604067791672e-11,7.497616427449421694e-11,6.898704493134375643e-11,6.372917874877001652e-11,5.911570821889259447e-11,5.505845090828312416e-11,5.148087978048415669e-11,4.831607805359273977e-11,4.550825702062145928e-11,4.299660310408924546e-11,4.075261661332443830e-11,3.872872617223521718e-11,3.690843507556107461e-11,3.526741398918176174e-11,3.253966237085070823e-11,3.380846145574489814e-11,3.227885320145063019e-11,3.073502758722812533e-11,3.040210531241038794e-11,3.019973160434119563e-11,3.008649579472333357e-11,3.005235643671611001e-11,7.124634215927017067e-12
1.070000000000000062e+00,5.143178095436605479e-02,9.977138407672921094e-02,9.634951643913583497e-02,9.518295379068834883e-02,9.397541687737566429e-02,9.075380440962579898e-02,8.804911620677570439e-02,8.366128015910942461e-02,8.196567181359017129e-02,7.293297455861134926e-02,6.868810354001446405e-02,6.037588153148830405e-02,5.091478238233006215e-02,3.904046189078915624e-02,1.171935624266950970e-02,1.266061905909945285e-06,8.309975023979030519e-08,2.014352559889321173e-08,7.973062796071714135e-09,3.946060707372335444e-09,2.192398977315414277e-09,1.338368194210830947e-09,8.678777045981189708e-10,5.877536500033253564e-10,4.101849415683034294e-10,2.989165928668491290e-10,2.187444600454391264e-10,1.720090944679064648e-10,1.377987238204703146e-10,1.133544438869371618e-10,9.520013119837522630e-11,8.347456493390525978e-11,7.270098629011401137e-11,6.638914418211072643e-11,6.080224843572901161e-11,5.577938501713508579e-11,5.128506300189350497e-11,4.728590809926006000e-11,4.374629746449996970e-11,4.061680541054581151e-11,3.784207322499177906e-11,3.538322700157373046e-11,3.318833489279748861e-11,3.123049735487271050e-11,2.946843593795711591e-11,2.787732024389644181e-11,2.645030418649274573e-11,2.518708765858468368e-11,2.428596213022160555e-11,2.413656514238526896e-11,2.288336599202966948e-11,2.261686324334100107e-11,2.268301171892694867e-11,2.283938316249845002e-11,2.308703228592889900e-11,2.123396250497400217e-11,5.205336162106277698e-12
1.080000000000000071e+00,5.111081158736330288e-02,9.953679280588752232e-02,9.611204770149212040e-02,9.495734439381520176e-02,9.375122224653083258e-02,9.074888718026741241e-02,8.723370020035797756e-02,8.564031319697981703e-02,7.846565764385564357e-02,7.432274443947593789e-02,6.823214020123687107e-02,6.030730059355941114e-02,5.074013328414640062e-02,3.828835618875986446e-02,1.373861162489971657e-02,1.030498955865238694e-06,7.736744706778371971e-08,1.938906282266431462e-08,7.698606796502847838e-09,3.793163413055347362e-09,2.091866446466282190e-09,1.273930927199083078e-09,8.183783232790405038e-10,5.543743162553411985e-10,3.824054757746442323e-10,2.780983243168277941e-10,1.946249827966539669e-10,1.412487349305990847e-10,1.134053129181467057e-10,9.362988856453924313e-11,7.917017909309098656e-11,6.786445710948996179e-11,6.000424809804449922e-11,5.238340100230387542e-11,4.776244070386903573e-11,4.374350317734587712e-11,4.012059770779757839e-11,3.687169352391966859e-11,3.396677974694742308e-11,3.138435209415132987e-11,2.909157940586548641e-11,2.705596792614006763e-11,2.525397946318008735e-11,2.364167011031231835e-11,2.220754895081167302e-11,2.093190182815563016e-11,1.984859997715415769e-11,1.900930237871967243e-11,1.787993841526058780e-11,1.883611149000596896e-11,1.747947880187394887e-11,1.732546398014456202e-11,1.723915801776776391e-11,1.722787884572696271e-11,1.729314608178711410e-11,1.594694168383092858e-11,3.804290216180561401e-12
1.090000000000000080e+00,5.081027946025313408e-02,9.932153913063740402e-02,9.590838835096690551e-02,9.471238539840008686e-02,9.376152083373461010e-02,8.999676757709593189e-02,8.908160309504374597e-02,8.230950016376480105e-02,7.979767490948345976e-02,7.392199921882867952e-02,6.813240471050506508e-02,6.014791165478990814e-02,4.933717758659055680e-02,4.030319583110302667e-02,1.393419748169815592e-02,8.674321248538406648e-07,7.397211337632732369e-08,1.846142886280614312e-08,7.199664716425294592e-09,3.445960364976865652e-09,1.895221353226568539e-09,1.153441083043185017e-09,7.354178338352113098e-10,5.014346789351808997e-10,3.448575505021755916e-10,2.509552600449271864e-10,1.819453407381210752e-10,1.333099221290101610e-10,1.057300080820056110e-10,8.738005458086561816e-11,7.511532194859338318e-11,6.554394874069835453e-11,5.765885360310696317e-11,5.153546556516119814e-11,4.583940995880886327e-11,4.191384045393320434e-11,3.861535830679274639e-11,3.569436846789786344e-11,3.308060704705628741e-11,3.073955738390476977e-11,2.865189162315484595e-11,2.678242697062849231e-11,2.512678953792146785e-11,2.364977528049316824e-11,2.237146015313107306e-11,2.133282396218905141e-11,2.089020276208053417e-11,1.993479600143066577e-11,1.847010521957570539e-11,1.901362915853951896e-11,1.809869441815603608e-11,1.780294314746022621e-11,1.758884704550212064e-11,1.745577987710689172e-11,1.688649220454863098e-11,1.630871826474589170e-11,3.696931649699308764e-12
1.100000000000000089e+00,5.052068555077609407e-02,9.912573628115189939e-02,9.568024312366268935e-02,9.465133601794062379e-02,9.309412262462483934e-02,9.188812089792249005e-02,8.547516010759245719e-02,8.386860499399216573e-02,7.927323932137503304e-02,7.385287698212293639e-02,6.788867643772375504e-02,5.797034420402346483e-02,5.154242451692256366e-02,4.172112011879145627e-02,1.323110149241026913e-02,1.011258966548679328e-06,7.783740845654999935e-08,1.861859408608843094e-08,7.348279983849335538e-09,3.556935136158441077e-09,2.000570057352065931e-09,1.229083411978006135e-09,8.003674129702931239e-10,5.468429042920774918e-10,3.819035955532346094e-10,2.740633275877257802e-10,2.070515564556174581e-10,1.528304288678228318e-10,1.164108393014728904e-10,9.660296867997075765e-11,8.318872327106596742e-11,7.288137801597649457e-11,6.441659011757749909e-11,5.725700051887813724e-11,5.130519403415134683e-11,4.575805674037619619e-11,4.186296296594671507e-11,3.865580826354492183e-11,3.584144775675007777e-11,3.332299074263606053e-11,3.107746319400833679e-11,2.906605999723060885e-11,2.730286136065629421e-11,2.577769334793922340e-11,2.457319731811319352e-11,2.371842652837408139e-11,2.269380777047969033e-11,2.172060220486521365e-11,2.033952650401515960e-11,2.098460207683450207e-11,1.978508416128343939e-11,1.931219073547651988e-11,1.893220823168118017e-11,1.930113707748759566e-11,1.818201492143067810e-11,1.763827278677965182e-11,4.396483177515619900e-12
1.110000000000000098e+00,5.022930370140504808e-02,9.891454516145999076e-02,9.545966167548723680e-02,9.446765883780847139e-02,9.282499919134458433e-02,9.185293793527540829e-02,8.523585913819448079e-02,8.361653206570654473e-02,7.908917606260784661e-02,7.360409703482480304e-02,6.555093254495908406e-02,6.015201991609804566e-02,5.181712050097639355e-02,4.283937515808682733e-02,1.249292660337867310e-02,1.217122655618638432e-06,9.084692265674731437e-08,2.122997262844052092e-08,8.203104554046385718e-09,4.024762858412115132e-09,2.281837334792351062e-09,1.401167109638459807e-09,9.207619456382681866e-10,6.280332157104773216e-10,4.473346693067981050e-10,3.233332837582203467e-10,2.508655921884539453e-10,1.853232844961638648e-10,1.408415467585300007e-10,1.133310684880983743e-10,9.707331715801820193e-11,8.657501419321450564e-11,7.783536020030366875e-11,7.027932081508491552e-11,6.363618734761701924e-11,5.754942383502890935e-11,5.213386679688491662e-11,4.760252817129890200e-11,4.392916937398278106e-11,4.086936660678639616e-11,3.823300956563727496e-11,3.595715253866017813e-11,3.409048646943902555e-11,3.237883175282157272e-11,3.094031657263759602e-11,2.960830240922654455e-11,2.836254570030946782e-11,2.717943437587772015e-11,2.511453295762217097e-11,2.609999494090561867e-11,2.424431971371002192e-11,2.345964140179970792e-11,2.279131538444195693e-11,2.326178139000489864e-11,2.172572538539085940e-11,2.246788866067106483e-11,6.509404126830986570e-12
1.120000000000000107e+00,4.995773428661938464e-02,9.870536636989363233e-02,9.539724915495093049e-02,9.386702152993313397e-02,9.429799070147840134e-02,8.891399266359992226e-02,8.649288047909976795e-02,8.313396339294405746e-02,7.890924383622945071e-02,7.183409463391628169e-02,6.642563307512652782e-02,6.125869553633690734e-02,5.131882872773064347e-02,4.425035710539561989e-02,1.169786517921761644e-02,1.507793105496356084e-06,1.042865075666055883e-07,2.339089185728771290e-08,8.761499755287438886e-09,4.289394638856355597e-09,2.440561063383724430e-09,1.494191437354137897e-09,9.896492209168945842e-10,6.779112427662825624e-10,4.898054843660570867e-10,3.542801468858769454e-10,2.677243010618113317e-10,2.121554598666364200e-10,1.656961373663889958e-10,1.325859578377164283e-10,1.111210845561316773e-10,1.001756707100232013e-10,9.092982356656564846e-11,8.283903380965074170e-11,7.572639021923011082e-11,6.947075190501597608e-11,6.395766728728435879e-11,5.871757182036863032e-11,5.427217036240231107e-11,5.050404907648575747e-11,4.729044835848766892e-11,4.453821296143689601e-11,4.215642554006651666e-11,4.007860531082471645e-11,3.824002139246607257e-11,3.639877743828734413e-11,3.468589304667091255e-11,3.310669793865628208e-11,3.032075285291924160e-11,3.166267595333671636e-11,2.910266472255784720e-11,2.799446785495263157e-11,2.941562965430577492e-11,2.698902993453211607e-11,2.738582624561836099e-11,2.856005015816620585e-11,9.392153721421436785e-12
1.129999999999999893e+00,4.968158289512061149e-02,9.849955219243874960e-02,9.522224212850742553e-02,9.360173863172147057e-02,9.423059365319529090e-02,8.869152663890933486e-02,8.629251350916909702e-02,8.296364512456003149e-02,7.867984784666959275e-02,6.913383809339294916e-02,6.877209600582920301e-02,6.131573526290562404e-02,5.092849019768905250e-02,4.427685516556419121e-02,1.275159178690751793e-02,1.432885630863787727e-06,9.979590293897383834e-08,2.176024005981230649e-08,8.241637027292601347e-09,4.031270276876877320e-09,2.262320153247391295e-09,1.390359387516693079e-09,9.229809436270969281e-10,6.253719443335969963e-10,4.462622979484187624e-10,3.229635586743384579e-10,2.404132309896667152e-10,1.922880465965448593e-10,1.516369252385629807e-10,1.228765214578153575e-10,1.016083120419786212e-10,8.875476222025557860e-11,8.044818283758914390e-11,7.329993383098365456e-11,6.703150274428582023e-11,6.153527297089733672e-11,5.671191836455202750e-11,5.248602615894049084e-11,4.876781877632963003e-11,4.549144177676267553e-11,4.255510614031843275e-11,4.000621535438231291e-11,3.769961643210195668e-11,3.561518050962386717e-11,3.372917136562625373e-11,3.200954432069913480e-11,3.042855117180165436e-11,2.897387017808394916e-11,2.639043150676201321e-11,2.763489090340520704e-11,2.526505393785072329e-11,2.679116650750046347e-11,2.467458290640600627e-11,2.415817459272551204e-11,2.507751645230982263e-11,2.613080585245342036e-11,9.214795593237568028e-12
1.139999999999999902e+00,4.941425015828031231e-02,9.830305656806123671e-02,9.506056244165955738e-02,9.334624657722205565e-02,9.415100063174733358e-02,8.848669894955425719e-02,8.609320131935442599e-02,8.272202285353766338e-02,7.580160736090914286e-02,7.223964907862033547e-02,6.877535125955738793e-02,6.007300321365896534e-02,5.609575881442229600e-02,3.560526972704000648e-02,1.721814834263563077e-02,2.054596517470684092e-06,2.216441016370912968e-07,5.893636182875996345e-08,2.447803946363025836e-08,1.256388697186931411e-08,7.172504921183807738e-09,4.454656628055837786e-09,2.912768025907508385e-09,1.977539691895568996e-09,1.367989155981463867e-09,9.743963951674983193e-10,6.797765267352318119e-10,5.001813130345311720e-10,3.913389681753365323e-10,3.077502142012633612e-10,2.477598252427493097e-10,2.089247681108519217e-10,1.778434795263184043e-10,1.609602624796924175e-10,1.460907367301089721e-10,1.327226254246860471e-10,1.207547607913472820e-10,1.101414103150955004e-10,1.007716395138441579e-10,9.251973557937442916e-11,8.524547213950572910e-11,7.881910445498019335e-11,7.312132420823208578e-11,6.803642935496179156e-11,6.346470354454125662e-11,5.932494773208674133e-11,5.558126875415680956e-11,5.216481760439428683e-11,4.647048024164490698e-11,4.911479209446234506e-11,4.994290744853024933e-11,4.596880211552023532e-11,4.373969242355002507e-11,4.529360914107272151e-11,4.708972795031129976e-11,4.912457940431380621e-11,1.836308882730008918e-11
1.149999999999999911e+00,4.917192581185307609e-02,9.825532225121527685e-02,9.442055862888219797e-02,9.534988027124424725e-02,9.030423749531978073e-02,9.018672012835841911e-02,8.560986115151361653e-02,8.217235373483887384e-02,7.455559261824008799e-02,7.418955727166030856e-02,6.784020347215352631e-02,6.484143591018716457e-02,4.751754288820884964e-02,4.014573857242288019e-02,1.698375845567417011e-02,2.597515427374213508e-06,2.207472129806985706e-07,5.814553278444559647e-08,2.359172911525073070e-08,1.184049626404217077e-08,6.554467760645082963e-09,4.005968423572304343e-09,2.575617576855426805e-09,1.745920406512335710e-09,1.205105508439441309e-09,8.782106430960112675e-10,6.179872794054297458e-10,4.480886078850332410e-10,3.549955121529002611e-10,2.828078604633077475e-10,2.313386964630792519e-10,1.929084217670504198e-10,1.695780506034277879e-10,1.466449778449174790e-10,1.338343665491931178e-10,1.225862222061641083e-10,1.123350492487906749e-10,1.030410204318384093e-10,9.469735642885813987e-11,8.726599247366705059e-11,8.066479168650220188e-11,7.481301572708799752e-11,6.962890209067165714e-11,6.502380892840081694e-11,6.091695377297146052e-11,5.725155267401194070e-11,5.401088712560231375e-11,5.119474679252111748e-11,4.888168168848405770e-11,4.894725163379076704e-11,4.653064478860047259e-11,4.457300565967325934e-11,4.404872300245443739e-11,4.365477250523053243e-11,4.335693262746964649e-11,4.317089394301198979e-11,1.021893680785979086e-11
1.159999999999999920e+00,4.891680920439743507e-02,9.808936777042313870e-02,9.419262073282459735e-02,9.525641227028845692e-02,9.011949814005482118e-02,8.999307335264382368e-02,8.547133402556444937e-02,7.976031617346976410e-02,7.647512519810270581e-02,7.418334395866155173e-02,6.742420129217130409e-02,6.518517095158937735e-02,4.757572342631371382e-02,3.990549382974532822e-02,1.740654762461675553e-02,2.579199711948549129e-06,1.999863976468164731e-07,5.138018191504635339e-08,2.046426906688250257e-08,1.002192947782075102e-08,5.568623587639057182e-09,3.411564767339704540e-09,2.185533767417452422e-09,1.490710976100734220e-09,1.024886765732535565e-09,7.346506215866188683e-10,5.292984245341969540e-10,3.791963999744130120e-10,2.902340312527229571e-10,2.353712537372931735e-10,1.960782924914639125e-10,1.667519325745936420e-10,1.435612255972201073e-10,1.283378464264628427e-10,1.125070613929024521e-10,1.028848239242874385e-10,9.456706338145659529e-11,8.707646561266491059e-11,8.029641177225571580e-11,7.421167879436557646e-11,6.877107574815993773e-11,6.391763257996424530e-11,5.960194729252854540e-11,5.574689256222786771e-11,5.231478770149899926e-11,4.926760648754635596e-11,4.665556114190338999e-11,4.458017548863990598e-11,4.214450229772515044e-11,4.421540217292019292e-11,4.017233182392054847e-11,3.957931205000875252e-11,3.912129127592312017e-11,3.880590640492620480e-11,3.862112019081820335e-11,3.856823194148262246e-11,7.930323064897493168e-12
1.169999999999999929e+00,4.867325926212789228e-02,9.794281111633496018e-02,9.397983392927009016e-02,9.518332300894001563e-02,8.996145054420584541e-02,8.982789796639276125e-02,8.536838203379445988e-02,7.741390082735229161e-02,7.863762597746626337e-02,7.308109115499672459e-02,7.266450548381842012e-02,5.611041885724314671e-02,5.187712519068411049e-02,3.907970679860885144e-02,1.842240037115269735e-02,1.960337751917501361e-06,1.712624746970569900e-07,4.284514922252055342e-08,1.683606319390803943e-08,8.118508914815392462e-09,4.519899173582350383e-09,2.754902186100009783e-09,1.778367953894318450e-09,1.206278150606051583e-09,8.383022406127128845e-10,5.959770403828881444e-10,4.414693888232790187e-10,3.174882960699232370e-10,2.360435527593018890e-10,1.922091374950696263e-10,1.600908745846840731e-10,1.364990169505642115e-10,1.179022018904518632e-10,1.027206167347749499e-10,9.252050341135298339e-11,8.138613784638981663e-11,7.443812320012677120e-11,6.859041199597237792e-11,6.335940192642164348e-11,5.865596116455540354e-11,5.442382525547295735e-11,5.063139187425069743e-11,4.725091195048602977e-11,4.423537577902258988e-11,4.157319150391303175e-11,3.928206024350622272e-11,3.753531513384089635e-11,3.719735457152761882e-11,3.355317976586058570e-11,3.534432295448919348e-11,3.305043131535123635e-11,3.269163412200626340e-11,3.247937335748574128e-11,3.242146134896373155e-11,3.250816282829305237e-11,3.001236065225398875e-11,6.810885189167947829e-12
1.179999999999999938e+00,4.842403628424313267e-02,9.777547846667576648e-02,9.375143331817058223e-02,9.505665285208682314e-02,8.977640820639377905e-02,8.957819309067152624e-02,8.387294966396353912e-02,7.801903827241278566e-02,7.931284122047768670e-02,7.257593694458092104e-02,7.290191625489553240e-02,5.614469391855810704e-02,5.149257411451451522e-02,3.818006075169005226e-02,1.996807775302843202e-02,1.275879639326718264e-06,1.328178196180061939e-07,3.211835860722391583e-08,1.223166048213510825e-08,5.798056386048554885e-09,3.213319259974696789e-09,1.945329049213816164e-09,1.260474682013854389e-09,8.516936039889774768e-10,5.999757135338387726e-10,4.281899990826731894e-10,3.245077175723087848e-10,2.375044536040427090e-10,1.792894929741883914e-10,1.437367377898901566e-10,1.209824740389109365e-10,1.039824511217535274e-10,9.077496740395041286e-11,7.998820269333739574e-11,7.090481717389462979e-11,6.432997233865589415e-11,5.716264961375117082e-11,5.252066533414923022e-11,4.864301756529743059e-11,4.521170937632490450e-11,4.214048250975044319e-11,3.938692818075684166e-11,3.693020498782284555e-11,3.475406984768114604e-11,3.289104275397414234e-11,3.143782283110407860e-11,3.086525132700579377e-11,2.937261154786763306e-11,2.738735280227722058e-11,2.797667045945084752e-11,2.693633337214063062e-11,2.660545048160933845e-11,2.641120655511031146e-11,2.636491719387734634e-11,2.458389047887976631e-11,2.431092827048786376e-11,5.325573315673182151e-12
1.189999999999999947e+00,4.819465818199807072e-02,9.764177426946804572e-02,9.356347792605003433e-02,9.495507818450822646e-02,8.966854860102901892e-02,8.944102484869757841e-02,8.180573353811063098e-02,7.985025070609008679e-02,7.823811411879257049e-02,7.800575332558092045e-02,6.322312543904685944e-02,6.064518928278727489e-02,4.983850214217506319e-02,3.952257378773108704e-02,2.063531505572378452e-02,8.581338180041159992e-07,1.047924282860955361e-07,2.385535947688341669e-08,8.467882905351339939e-09,3.901765607396763709e-09,2.126697967456589976e-09,1.268919965847006837e-09,8.237811609343882041e-10,5.588529708444589517e-10,4.005875208368953055e-10,2.903691054961798912e-10,2.182432359831842916e-10,1.692438411637908757e-10,1.290395082453876796e-10,1.015129855175267437e-10,8.583861399458214692e-11,7.572358538820989082e-11,6.782006553573971530e-11,6.117030493246744527e-11,5.542017279119848538e-11,5.038519319648659955e-11,4.606004455880857718e-11,4.231885198172080642e-11,3.874441783027759989e-11,3.602942748835713527e-11,3.373254345122311815e-11,3.172327613272518665e-11,2.998213071044031341e-11,2.852764248786887613e-11,2.749179790068057017e-11,2.625670774553112707e-11,2.507677960140834716e-11,2.404433455723692381e-11,2.255957226582339104e-11,2.325368370081903890e-11,2.197471371534476248e-11,2.147312883060692457e-11,2.106887928010614530e-11,2.076285671170907676e-11,2.013807870460126992e-11,1.936988763828750848e-11,4.049482971169027223e-12
1.199999999999999956e+00,4.796295266472053870e-02,9.749651528369682185e-02,9.336441952233251462e-02,9.483026519895793038e-02,8.953973209516120912e-02,8.927218147436898066e-02,7.971681080205195169e-02,8.150025890867010347e-02,7.788810166361821719e-02,7.817724334107609141e-02,6.326864180964143769e-02,6.027436058919313083e-02,4.795637508791529557e-02,4.212071506541748001e-02,2.041088766938022742e-02,1.291294175107867285e-06,1.164910260787172821e-07,2.477171260474514750e-08,8.129995970175909765e-09,3.645009162054724076e-09,1.973115128613622468e-09,1.182217217242202689e-09,7.810110481520221581e-10,5.381076912183702099e-10,3.949218469606607940e-10,2.950649238830926890e-10,2.292256176539275714e-10,1.867327958926523479e-10,1.487592757309919023e-10,1.216552657223868295e-10,1.031247864879958342e-10,9.152042665383497422e-11,8.316662636342897486e-11,7.610072554758984253e-11,6.994220697401076769e-11,6.451803284332480182e-11,5.972833729342430509e-11,5.548978030539553075e-11,5.177160013625919932e-11,4.853387304678755121e-11,4.569864549709007351e-11,4.320405198963289672e-11,4.098732215174899496e-11,3.899777680958175369e-11,3.719897632113722263e-11,3.554349869983042254e-11,3.412690280108626739e-11,3.285538789817021854e-11,3.070653453729477178e-11,3.172285004127139985e-11,2.981558316211829762e-11,2.902674801907867419e-11,2.835608831075475678e-11,2.840909452128670409e-11,2.693422568311731879e-11,2.647550581547086779e-11,6.053657575222359810e-12
1.209999999999999964e+00,4.784889061175837122e-02,9.692270162377424059e-02,9.585817271204262469e-02,9.021515934387995539e-02,9.171452319613700166e-02,8.890838111437111835e-02,7.786785799071797853e-02,8.233061994279927687e-02,8.318072355323306855e-02,6.824747208128614795e-02,6.808175279052686157e-02,5.824348045817095976e-02,4.898557920955683154e-02,4.356087799864525462e-02,2.016891753329040637e-02,1.521196400507701814e-06,1.410382924063698756e-07,2.909489403802518448e-08,9.516885706602320810e-09,4.253715640234966532e-09,2.279365569066767877e-09,1.378364848799405740e-09,9.081290138282516189e-10,6.340476446826948109e-10,4.622998373005060557e-10,3.522544547718275965e-10,2.745725383168640121e-10,2.240029967071066608e-10,1.834380009002600787e-10,1.511033173584586109e-10,1.271638506300520888e-10,1.137656652910878918e-10,1.006982127890743151e-10,9.233024642150283734e-11,8.512325978642099056e-11,7.878204366000909897e-11,7.318907836013043011e-11,6.823334708156629600e-11,6.384540381727983605e-11,5.993980970744015868e-11,5.643663387642182394e-11,5.333221074509987558e-11,5.058256881385579662e-11,4.809869660221156862e-11,4.584353995593440367e-11,4.379646882516404632e-11,4.193915023207803183e-11,4.024331979853371100e-11,3.728212964043686739e-11,3.869751556955652871e-11,3.599771435797149977e-11,3.484395107514193235e-11,3.617800850563845927e-11,3.387291662437785789e-11,3.247770281877837562e-11,3.317594463037032426e-11,8.729239553417755815e-12
1.219999999999999973e+00,4.762759614031587818e-02,9.673814710679927431e-02,9.571856974831194353e-02,9.005487109085782982e-02,9.148902231725562773e-02,8.678528528267227815e-02,8.011626769963078876e-02,8.172687747954526793e-02,8.325028176719510842e-02,6.828833002793593954e-02,6.767268140667632992e-02,5.621684739639432049e-02,5.092421703222476531e-02,4.421318333191983502e-02,1.990031174623675680e-02,2.618565623784109973e-06,2.647869524414957920e-07,5.984315111291434286e-08,2.186435063601100922e-08,1.042040353983584494e-08,5.714950393346032720e-09,3.494745392000012801e-09,2.287130436429141156e-09,1.581898146545482331e-09,1.128729446714382689e-09,8.423133119814241176e-10,6.313372602484434992e-10,4.904362332913692057e-10,3.992071256897489206e-10,3.160733133555915231e-10,2.556302426681700268e-10,2.108650693291580502e-10,1.841940610453063343e-10,1.690951363306214539e-10,1.558735245911491152e-10,1.438217730673208017e-10,1.328620204306407704e-10,1.229925800962095028e-10,1.141534206570982146e-10,1.062736799061457516e-10,9.925932371499489315e-11,9.299951032794989692e-11,8.742468841959130654e-11,8.242420563079038559e-11,7.793020883554296896e-11,7.387182011930892855e-11,7.020264209366133823e-11,6.686685840445738549e-11,6.108052518633000361e-11,6.384204926865311158e-11,5.863919332743661172e-11,5.651186203020630572e-11,5.791091738094333863e-11,5.391780858593486769e-11,5.525093577096740205e-11,5.683246928622764926e-11,1.664907101073254125e-11
1.229999999999999982e+00,4.742311770557027656e-02,9.658284434848432576e-02,9.560730321389770969e-02,8.993618436765868362e-02,9.134499587592317948e-02,8.501464154136663398e-02,8.149050950482178424e-02,8.139301733617139434e-02,8.338135004351265867e-02,6.834166367592894864e-02,6.673926212347121301e-02,5.589431283753958091e-02,5.177509058674342746e-02,4.854147229704051242e-02,1.524239668025301024e-02,5.700163707300253516e-06,3.749156298706924282e-07,7.713950985956726822e-08,2.767121197543936467e-08,1.319817996095845277e-08,7.238969936356723540e-09,4.476162931185933809e-09,2.953030303143658331e-09,2.071717354573232150e-09,1.492120012616671154e-09,1.132832123246219069e-09,8.523487089739933964e-10,6.641280927977000204e-10,5.524287277625106185e-10,4.469106473781181421e-10,3.700061645961483237e-10,3.119653320393656060e-10,2.729279866345302175e-10,2.416408254046764625e-10,2.234712970228258655e-10,2.074094056225828098e-10,1.927108056465343111e-10,1.793133428198978585e-10,1.671765352019571882e-10,1.562300531998683795e-10,1.463870578574666403e-10,1.375316466614706634e-10,1.295522989016792414e-10,1.223269337387311584e-10,1.157670413524936048e-10,1.097706101363393749e-10,1.042854457303232785e-10,9.924240075565027297e-11,9.042347773324799221e-11,9.463040073764972249e-11,8.679249853538184567e-11,8.947688076577087202e-11,8.333659717169039638e-11,8.339598716461393835e-11,8.528690947917638709e-11,8.757626568378640286e-11,2.729694248415626134e-11
1.239999999999999991e+00,4.721832130954632667e-02,9.641908861109155238e-02,9.548428276155923600e-02,8.980830669110977105e-02,9.119168631291135751e-02,8.325571495196926186e-02,8.284055306953666542e-02,8.105052041580582123e-02,8.342522784585697238e-02,6.837733289023652239e-02,6.451478307823503566e-02,5.793633366802410783e-02,5.118576620315209991e-02,4.903628580924403180e-02,1.566034445812805945e-02,6.534993855148749523e-06,3.578384333364647935e-07,7.357860325639371245e-08,2.551974657794313782e-08,1.175813157858818573e-08,6.419283806146898821e-09,3.970579200255090410e-09,2.616970616229306879e-09,1.852200097723216698e-09,1.338953763835304400e-09,1.006256288363371887e-09,7.824171996059781087e-10,6.142791345031817229e-10,5.009154896429279802e-10,4.266189346235904623e-10,3.601544132370015916e-10,3.093522070451992789e-10,2.690828037818504548e-10,2.444480650884428563e-10,2.182092735669716177e-10,2.028031440698407906e-10,1.892000028869134098e-10,1.768238402921618047e-10,1.655390043792115407e-10,1.552814743108199558e-10,1.459641856167703811e-10,1.375015908425258893e-10,1.298116380013536464e-10,1.227748892135283043e-10,1.163160999809176310e-10,1.103534407950745866e-10,1.048517748319932608e-10,9.975880364831990477e-11,9.104918555213892262e-11,9.511806620121632250e-11,9.399073533367108269e-11,8.787162577433837995e-11,8.608583019608512243e-11,8.751224397918200282e-11,8.940644752319926170e-11,9.172949899660665096e-11,3.044714480537891177e-11
1.250000000000000000e+00,4.704222331772336951e-02,9.631029351372791258e-02,9.542242173838705321e-02,8.975157417137677451e-02,9.113744622343622481e-02,8.175425295728060149e-02,8.324053806943267075e-02,8.671790919907501616e-02,7.325966770970708530e-02,7.312960135773131920e-02,6.212648761703644384e-02,5.887322059328273238e-02,5.989431596698954752e-02,3.367797797007059807e-02,2.317438097432728342e-02,8.316574478607003380e-06,3.434249687561032815e-07,7.689124766028523038e-08,2.947955870956792524e-08,1.445923313484537753e-08,8.269849417541280320e-09,5.200874822469800027e-09,3.464214041169234870e-09,2.415883585413572399e-09,1.737827863817348328e-09,1.274389867939040855e-09,9.709052520290306632e-10,7.211835573173175362e-10,5.531496233279753483e-10,4.573693646037213512e-10,3.779887722266117578e-10,3.204791466926426580e-10,2.756853044461049507e-10,2.394543990175135306e-10,2.182045217256900482e-10,1.921002142080130426e-10,1.773502456003939187e-10,1.645474295014492938e-10,1.529098583863408578e-10,1.422982912058223803e-10,1.326580902419327579e-10,1.239210886683217439e-10,1.160212646442171369e-10,1.088593694353878760e-10,1.023628889984529167e-10,9.645162966920306502e-11,9.114348165084606990e-11,8.644429616566640107e-11,8.456305447546164089e-11,8.265981302213454285e-11,7.937325015999752154e-11,7.677858869514775364e-11,7.734158972982907443e-11,7.830858878010715785e-11,7.966951404148048255e-11,8.140170482118236350e-11,2.739891646896808197e-11
1.260000000000000009e+00,4.684409260950432585e-02,9.614950223359033932e-02,9.529760056513864042e-02,8.962697003187766742e-02,9.098240086702419349e-02,8.006764725600305777e-02,8.430852297964845643e-02,8.669285400034532074e-02,7.327706442391686281e-02,7.212680011956197623e-02,6.166794692783798132e-02,5.992380585275459276e-02,6.020864777581106525e-02,3.407699588284354014e-02,2.295410007364814126e-02,9.777434078341542246e-06,3.788198989854182791e-07,8.428568702810841179e-08,3.228513322359537034e-08,1.567682830053737479e-08,8.968191662724251702e-09,5.616754727988393370e-09,3.746548713629005434e-09,2.601884876822502246e-09,1.878977251568159090e-09,1.378312439875850615e-09,1.068464851317063591e-09,7.921180933401217317e-10,6.019238857346564942e-10,4.750357468497057312e-10,4.029556757711993953e-10,3.429019880540895571e-10,2.969707205840999009e-10,2.601910353838832179e-10,2.298193412918897449e-10,2.099981785685933744e-10,1.865942842946277658e-10,1.722626583478686912e-10,1.600184030420281900e-10,1.490042663906954168e-10,1.390051936403513544e-10,1.299403588200798154e-10,1.217602615954938017e-10,1.143841646834148351e-10,1.077736018918057370e-10,1.018889081178669942e-10,9.688256013412610557e-11,9.305737604103914151e-11,8.741280464220901880e-11,9.149134835156891299e-11,8.432574636393214140e-11,8.281621829281382574e-11,8.158854841733287344e-11,8.065064588391734901e-11,7.998677067910797689e-11,7.957199482655497036e-11,1.553318584868179641e-11
1.270000000000000018e+00,4.664601318752711195e-02,9.599637300145437424e-02,9.510778396074370811e-02,8.952755934388995085e-02,8.954825461256402108e-02,8.116478656090972410e-02,8.418103278146056578e-02,8.661773489823569594e-02,7.332564171347588644e-02,6.993002235735809591e-02,6.359645280410923529e-02,5.935208556957908416e-02,6.063982970949098605e-02,3.440478325505097468e-02,2.281880168525375271e-02,7.437962415270945841e-06,3.242919955616886022e-07,6.999885617244568817e-08,2.632139471066865095e-08,1.274457157764418173e-08,7.298110129332870667e-09,4.546456817738821904e-09,3.035630156600810543e-09,2.098297669189501391e-09,1.517377193078345288e-09,1.100302242547368525e-09,8.218987261610077866e-10,6.347513764604073572e-10,4.827032731857805459e-10,3.779383750401876796e-10,3.176654356229491327e-10,2.710030463926038635e-10,2.360088686981232087e-10,2.079381770936361562e-10,1.846534591898318922e-10,1.648550115862512655e-10,1.508749327729097534e-10,1.348382325933039638e-10,1.244475061196181898e-10,1.157932590957477803e-10,1.081340611670811303e-10,1.012567156857824280e-10,9.508737200403238887e-11,8.958918459520126554e-11,8.481082676425888423e-11,8.093353201163444588e-11,7.974905805174792306e-11,7.596313768981621806e-11,6.961094726901442820e-11,7.226897514667554590e-11,6.825828617607054838e-11,6.719888534512108436e-11,6.645396385951407581e-11,6.600506946563555744e-11,6.584634226758367959e-11,6.187227466480926807e-11,1.257921544706164241e-11
1.280000000000000027e+00,4.647332410008583187e-02,9.588311882131994590e-02,9.495707377011478045e-02,8.955720775125922128e-02,8.801725853499603458e-02,8.227750227676264294e-02,8.396354353945706395e-02,8.667519269823256711e-02,7.348912471612303876e-02,6.788588095796160848e-02,6.424182294322312858e-02,6.834781964376215879e-02,4.454374769250023930e-02,4.158188801407110974e-02,2.322776765428058096e-02,4.222033950341038437e-06,1.870462346062441067e-07,3.362262544813040300e-08,1.092826544082232165e-08,4.902425738103193009e-09,2.690994835410952593e-09,1.639433627997335594e-09,1.098853634996723068e-09,7.719303583928610601e-10,5.755219470481368060e-10,4.358484634401499358e-10,3.412754692559694103e-10,2.781908245430564364e-10,2.242138835706342093e-10,1.857879405875451084e-10,1.590379841709399500e-10,1.416002662346649288e-10,1.271742294806088580e-10,1.153333782644150318e-10,1.052162350301255600e-10,9.643972773143438815e-11,8.874584921103600976e-11,8.266401688053308383e-11,7.737014327824365267e-11,7.156625509222025450e-11,6.730964223489177556e-11,6.361774995689017942e-11,6.036494091046784582e-11,5.752545271728304321e-11,5.601798278714875678e-11,5.346860454391588746e-11,5.102850325448826663e-11,4.868237844096734435e-11,4.591255847730124628e-11,4.706881396145459751e-11,4.496050927393913099e-11,4.420292951112791968e-11,4.363426286957405864e-11,4.324258312538020732e-11,4.302992684390716249e-11,3.985504981596221796e-11,8.354650304909227998e-12
1.290000000000000036e+00,4.631668965258786685e-02,9.579822298567457206e-02,9.483026390290623386e-02,8.963359991118376169e-02,8.665445863694178075e-02,8.257767676133186130e-02,8.963360063135671074e-02,7.589320904867406792e-02,7.854989751716706659e-02,6.540987666748430962e-02,6.578651237973781596e-02,6.869816597358768817e-02,4.487628222356140895e-02,4.011820423732363750e-02,2.494876825090462658e-02,2.975864001639710544e-06,1.607192325101584870e-07,2.859073263049755214e-08,9.505436020736952846e-09,4.405730673246078958e-09,2.445768141194648061e-09,1.506044745158826789e-09,1.012618087309086895e-09,7.111608758478271675e-10,5.243415480450652755e-10,4.012847020819221289e-10,3.132445136611039516e-10,2.543141600086507026e-10,2.067884058432056804e-10,1.700080111410873229e-10,1.432724980321431474e-10,1.258186645147763016e-10,1.134104268829538853e-10,1.033138435913016906e-10,9.464221940869155247e-11,8.706338341241126599e-11,8.040868014827506904e-11,7.453911619881292694e-11,6.950314586015582385e-11,6.525058011269679881e-11,6.147743013447393157e-11,5.812265837894237119e-11,5.511037286243247735e-11,5.237854800495961305e-11,4.986863688920956106e-11,4.754122703148899731e-11,4.546707758554258128e-11,4.390418042142518740e-11,4.138857485902480704e-11,4.255530823560338405e-11,4.041181278502392615e-11,3.960143324377440877e-11,3.895601549674942987e-11,3.848166230113747588e-11,3.662690289951697764e-11,3.582556820647120333e-11,6.820766174087111722e-12
