Physics reduction experiment report

dataset_source: results/physics/dataset/physics_dataset.npz
snapshot_matrix_shape: (96, 7676)
surface_grid_shape_theta_by_z: (76, 101)
surface_domain: theta=0..90 deg, z=0..5 mm
components: 30
split_strategy: fraction: test_fraction=0 (no split: test set = training set)
validation: offline basis built on training displacements only; test residuals use unseen held-out displacements.
split_check: train/test row sets are disjoint; greedy basis selection is train-local before full projection.
train_count: 96
test_count: 96
train_displacements_mm: [0.18, 0.185, 0.19, 0.195, 0.19999999999999998, 0.205, 0.21, 0.215, 0.22, 0.22499999999999998, 0.22999999999999998, 0.235, 0.24, 0.245, 0.25, 0.255, 0.26, 0.265, 0.27, 0.275, 0.28, 0.285, 0.29, 0.295, 0.3, 0.31, 0.32, 0.32999999999999996, 0.33999999999999997, 0.35, 0.36, 0.37, 0.38, 0.39, 0.4, 0.41, 0.42, 0.43, 0.44, 0.44999999999999996, 0.45999999999999996, 0.47, 0.48, 0.49, 0.5, 0.51, 0.52, 0.53, 0.54, 0.55, 0.56, 0.5700000000000001, 0.5800000000000001, 0.59, 0.6, 0.61, 0.62, 0.63, 0.64, 0.65, 0.6599999999999999, 0.6699999999999999, 0.6799999999999999, 0.69, 0.7, 0.71, 0.72, 0.73, 0.74, 0.75, 0.76, 0.77, 0.78, 0.79, 0.8, 0.81, 0.8200000000000001, 0.8300000000000001, 0.8400000000000001, 0.8500000000000001, 0.8600000000000001, 0.8700000000000001, 0.8799999999999999, 0.8899999999999999, 0.8999999999999999, 0.9099999999999999, 0.9199999999999999, 0.9299999999999999, 0.94, 0.95, 0.96, 0.97, 0.98, 0.99, 1.0, 1.01]
test_displacements_mm: [0.18, 0.185, 0.19, 0.195, 0.19999999999999998, 0.205, 0.21, 0.215, 0.22, 0.22499999999999998, 0.22999999999999998, 0.235, 0.24, 0.245, 0.25, 0.255, 0.26, 0.265, 0.27, 0.275, 0.28, 0.285, 0.29, 0.295, 0.3, 0.31, 0.32, 0.32999999999999996, 0.33999999999999997, 0.35, 0.36, 0.37, 0.38, 0.39, 0.4, 0.41, 0.42, 0.43, 0.44, 0.44999999999999996, 0.45999999999999996, 0.47, 0.48, 0.49, 0.5, 0.51, 0.52, 0.53, 0.54, 0.55, 0.56, 0.5700000000000001, 0.5800000000000001, 0.59, 0.6, 0.61, 0.62, 0.63, 0.64, 0.65, 0.6599999999999999, 0.6699999999999999, 0.6799999999999999, 0.69, 0.7, 0.71, 0.72, 0.73, 0.74, 0.75, 0.76, 0.77, 0.78, 0.79, 0.8, 0.81, 0.8200000000000001, 0.8300000000000001, 0.8400000000000001, 0.8500000000000001, 0.8600000000000001, 0.8700000000000001, 0.8799999999999999, 0.8899999999999999, 0.8999999999999999, 0.9099999999999999, 0.9199999999999999, 0.9299999999999999, 0.94, 0.95, 0.96, 0.97, 0.98, 0.99, 1.0, 1.01]
sweep_rule: grow each greedy basis once, reusing previous components; stopping_epsilon is the max residual after the final prefix and is the tolerance that would stop at that component count.
displacement_min_mm: 0.18
displacement_max_mm: 1.01
relative_norm_floor: 0.1

Method summary:
- Angular Defect Greedy: R=30, epsilon=8.010692e+07, train_max_relative=1.870801e-02, train_mean_relative=4.042987e-03, test_max_relative=1.870801e-02, test_mean_relative=4.042987e-03, fit_seconds=14.050807
  selected_original_columns: [5, 98, 8, 18, 6, 11, 34, 7, 26, 14, 9, 49, 10, 22, 12, 62, 30, 41, 16, 73, 13, 20, 38, 54, 15, 28, 44, 32, 24, 36]
  selected_displacements_mm: [0.19, 1.01, 0.205, 0.255, 0.195, 0.22, 0.37, 0.19999999999999998, 0.295, 0.235, 0.21, 0.52, 0.215, 0.275, 0.22499999999999998, 0.65, 0.32999999999999996, 0.44, 0.245, 0.76, 0.22999999999999998, 0.265, 0.41, 0.5700000000000001, 0.24, 0.31, 0.47, 0.35, 0.285, 0.39]
- CPG: R=30, epsilon=7.664211e+06, train_max_relative=5.202341e-01, train_mean_relative=9.500533e-03, test_max_relative=5.202341e-01, test_mean_relative=9.500533e-03, fit_seconds=7.554983
  selected_original_columns: [98, 48, 30, 73, 62, 18, 89, 38, 54, 44, 11, 34, 26, 41, 36, 22, 8, 15, 32, 28, 31, 13, 20, 6, 24, 29, 91, 10, 71, 17]
  selected_displacements_mm: [1.01, 0.51, 0.32999999999999996, 0.76, 0.65, 0.255, 0.9199999999999999, 0.41, 0.5700000000000001, 0.47, 0.22, 0.37, 0.295, 0.44, 0.39, 0.275, 0.205, 0.24, 0.35, 0.31, 0.33999999999999997, 0.22999999999999998, 0.265, 0.195, 0.285, 0.32, 0.94, 0.215, 0.74, 0.25]
